# 10/10 iterations complete ✅ (6026.62s)
# Results saved to runs/detect/tune
# Best fitness=0.21296 observed at iteration 13
# Best fitness metrics are None
# Best fitness model is None
# Best fitness hyperparameters are printed below.

lr0: 0.00922
lrf: 0.00476
momentum: 0.76651
weight_decay: 0.00033
warmup_epochs: 3.07826
warmup_momentum: 0.42203
box: 7.68833
cls: 0.85391
dfl: 1.2677
hsv_h: 0.01624
hsv_s: 0.57581
hsv_v: 0.52604
degrees: 0.0
translate: 0.10523
scale: 0.50879
shear: 0.0
perspective: 0.0
flipud: 0.0
fliplr: 0.46826
mosaic: 0.85228
mixup: 0.0
copy_paste: 0.0
